0.52196,0.47804
0.87321,0.12679
0.53943,0.46057
0.6459,0.3541
0.48166,0.51834
0.62282,0.37718
0.36185,0.63815
0.54204,0.45796
0.67428,0.32572
0.90846,0.091537
0.42758,0.57242
0.95666,0.04334
0.95056,0.049439
0.68314,0.31686
0.6619,0.3381
0.82582,0.17418
0.90613,0.093868
0.45895,0.54105
0.45287,0.54713
0.68798,0.31202
0.92637,0.073629
0.8806,0.1194
0.52181,0.47819
0.51482,0.48518
0.88029,0.11971
0.81931,0.18069
0.92575,0.074247
0.68987,0.31013
0.76607,0.23393
0.94913,0.050867
0.68359,0.31641
0.63911,0.36089
0.81036,0.18964
0.71039,0.28961
0.79849,0.20151
0.39224,0.60776
0.87405,0.12595
0.62111,0.37889
0.57369,0.42631
0.36991,0.63009
0.42646,0.57354
0.32891,0.67109
0.54811,0.45189
0.75584,0.24416
0.59452,0.40548
0.41506,0.58494
0.54019,0.45981
0.5382,0.4618
0.57434,0.42566
0.84898,0.15102
0.75173,0.24827
0.66666,0.33334
0.69213,0.30787
0.87548,0.12452
0.82671,0.17329
0.60121,0.39879
0.5659,0.4341
0.69727,0.30273
0.77892,0.22108
0.31847,0.68153
0.62957,0.37043
0.58426,0.41574
0.98261,0.017387
0.664,0.336
0.64826,0.35174
0.62846,0.37154
0.53747,0.46253
0.58573,0.41427
0.484,0.516
0.56423,0.43577
0.52482,0.47518
0.66829,0.33171
0.39172,0.60828
0.63348,0.36652
0.59428,0.40572
0.77015,0.22985
0.69769,0.30231
0.71465,0.28535
0.39202,0.60798
0.6967,0.3033
0.91244,0.087564
0.47397,0.52603
0.97325,0.026755
0.96964,0.030363
0.57539,0.42461
0.56508,0.43492
0.42963,0.57037
0.80901,0.19099
0.92731,0.072687
0.80079,0.19921
0.68539,0.31461
0.37532,0.62468
0.66672,0.33328
0.71251,0.28749
0.84062,0.15938
0.63612,0.36388
0.86283,0.13717
0.42748,0.57252
0.85171,0.14829
0.76257,0.23743
0.78597,0.21403
0.87355,0.12645
0.94573,0.054275
0.39906,0.60094
0.89021,0.10979
0.51204,0.48796
0.75139,0.24861
0.84031,0.15969
0.71105,0.28895
0.61141,0.38859
0.90605,0.093952
0.77972,0.22028
0.56892,0.43108
0.6025,0.3975
0.76083,0.23917
0.75612,0.24388
0.58915,0.41085
0.87585,0.12415
0.75625,0.24375
0.7299,0.2701
0.85944,0.14056
0.59957,0.40043
0.53853,0.46147
0.59945,0.40055
0.75801,0.24199
0.55042,0.44958
0.6993,0.3007
0.61713,0.38287
0.94699,0.053006
0.79788,0.20212
0.95975,0.040246
0.83283,0.16717
0.49681,0.50319
0.86475,0.13525
0.90928,0.090722
0.98256,0.017438
0.66072,0.33928
0.86141,0.13859
0.88696,0.11304
0.53486,0.46514
0.70393,0.29607
0.27485,0.72515
0.53366,0.46634
0.54631,0.45369
0.29244,0.70756
0.64006,0.35994
0.86151,0.13849
0.5373,0.4627
0.60376,0.39624
0.62223,0.37777
0.78042,0.21958
0.5819,0.4181
0.87889,0.12111
0.50598,0.49402
0.80895,0.19105
0.58895,0.41105
0.71481,0.28519
0.99077,0.0092266
0.42937,0.57063
0.68201,0.31799
0.67507,0.32493
0.79492,0.20508
0.57641,0.42359
0.70459,0.29541
0.82656,0.17344
0.64371,0.35629
0.7704,0.2296
0.51392,0.48608
0.88364,0.11636
0.84806,0.15194
0.68264,0.31736
0.59338,0.40662
0.82153,0.17847
0.68725,0.31275
0.61539,0.38461
0.79019,0.20981
0.49828,0.50172
0.77227,0.22773
0.52138,0.47862
0.87291,0.12709
0.38983,0.61017
0.53893,0.46107
0.89768,0.10232
0.55516,0.44484
0.41682,0.58318
0.96396,0.03604
0.7732,0.2268
0.82245,0.17755
0.72881,0.27119
0.65693,0.34307
0.77848,0.22152
0.44726,0.55274
0.65455,0.34545
0.93689,0.063106
0.63559,0.36441
0.92288,0.077123
0.79147,0.20853
0.2837,0.7163
0.78046,0.21954
0.73967,0.26033
0.58475,0.41525
0.75984,0.24016
0.64114,0.35886
0.77465,0.22535
0.80314,0.19686
0.57629,0.42371
0.95723,0.042774
0.63091,0.36909
0.76801,0.23199
0.83246,0.16754
0.40921,0.59079
0.72195,0.27805
0.7703,0.2297
0.55883,0.44117
0.64657,0.35343
0.3326,0.6674
0.4072,0.5928
0.6569,0.3431
0.57746,0.42254
0.58293,0.41707
0.79921,0.20079
0.58335,0.41665
0.76645,0.23355
0.55582,0.44418
0.93052,0.069484
0.48045,0.51955
0.74487,0.25513
0.67455,0.32545
0.65198,0.34802
0.77286,0.22714
0.58415,0.41585
0.70696,0.29304
0.55821,0.44179
0.5715,0.4285
0.78668,0.21332
0.49983,0.50017
0.56092,0.43908
0.71297,0.28703
0.31153,0.68847
0.93467,0.065329
0.8895,0.1105
0.68372,0.31628
0.49825,0.50175
0.49886,0.50114
0.65873,0.34127
0.69002,0.30998
0.94682,0.05318
0.86605,0.13395
0.86964,0.13036
0.60266,0.39734
0.8886,0.1114
0.29079,0.70921
0.5737,0.4263
0.59534,0.40466
0.24383,0.75617
0.65549,0.34451
0.67772,0.32228
0.89884,0.10116
0.66503,0.33497
0.90907,0.090928
0.73643,0.26357
0.67989,0.32011
0.77508,0.22492
0.924,0.076005
0.54094,0.45906
0.64801,0.35199
0.57556,0.42444
0.60552,0.39448
0.68529,0.31471
0.77492,0.22508
0.88857,0.11143
0.51579,0.48421
0.82462,0.17538
0.80898,0.19102
0.74484,0.25516
0.86392,0.13608
0.72332,0.27668
0.75247,0.24753
0.82512,0.17488
0.51705,0.48295
0.37719,0.62281
0.7887,0.2113
0.92349,0.076508
0.31235,0.68765
0.65411,0.34589
0.52221,0.47779
0.87195,0.12805
0.72403,0.27597
0.78787,0.21213
0.94954,0.050464
0.74041,0.25959
0.53134,0.46866
0.35424,0.64576
0.55439,0.44561
0.52062,0.47938
0.83152,0.16848
0.79078,0.20922
0.81642,0.18358
0.53636,0.46364
0.91213,0.087866
0.53493,0.46507
0.78099,0.21901
0.74245,0.25755
0.4733,0.5267
0.55891,0.44109
0.41744,0.58256
0.5751,0.4249
0.74785,0.25215
0.59499,0.40501
0.85774,0.14226
0.68129,0.31871
0.54299,0.45701
0.5118,0.4882
0.87471,0.12529
0.8103,0.1897
0.70847,0.29153
0.72137,0.27863
0.94971,0.05029
0.72641,0.27359
0.89297,0.10703
0.96017,0.039831
0.86389,0.13611
0.76874,0.23126
0.56797,0.43203
0.7409,0.2591
0.72116,0.27884
0.80159,0.19841
0.87167,0.12833
0.73808,0.26192
0.60412,0.39588
0.71016,0.28984
0.78094,0.21906
0.27472,0.72528
0.68033,0.31967
0.8738,0.1262
0.78039,0.21961
0.74737,0.25263
0.92818,0.071816
0.81873,0.18127
0.60093,0.39907
0.69611,0.30389
0.71337,0.28663
0.79852,0.20148
0.81257,0.18743
0.44275,0.55725
0.66974,0.33026
0.55535,0.44465
0.33991,0.66009
0.83775,0.16225
0.72386,0.27614
0.72982,0.27018
0.58664,0.41336
0.85102,0.14898
0.85271,0.14729
0.46349,0.53651
0.89801,0.10199
0.71676,0.28324
0.79956,0.20044
0.96105,0.038947
0.87625,0.12375
0.67237,0.32763
0.61704,0.38296
0.71358,0.28642
0.57457,0.42543
0.87506,0.12494
0.79672,0.20328
0.61012,0.38988
0.47985,0.52015
0.8511,0.1489
0.66379,0.33621
0.87186,0.12814
0.65347,0.34653
0.47968,0.52032
0.95461,0.04539
0.55205,0.44795
0.82537,0.17463
0.3371,0.6629
0.6333,0.3667
0.6576,0.3424
0.81368,0.18632
0.62915,0.37085
0.91236,0.08764
0.98464,0.01536
0.91833,0.081675
0.64335,0.35665
0.91041,0.089595
0.67537,0.32463
0.72508,0.27492
0.76415,0.23585
0.72589,0.27411
0.58734,0.41266
0.81069,0.18931
0.84625,0.15375
0.66615,0.33385
0.67846,0.32154
0.63018,0.36982
0.66559,0.33441
0.64021,0.35979
0.58138,0.41862
0.91593,0.084073
0.65317,0.34683
0.59808,0.40192
0.61913,0.38087
0.67827,0.32173
0.69217,0.30783
0.59904,0.40096
0.7135,0.2865
0.56019,0.43981
0.60791,0.39209
0.76336,0.23664
0.36825,0.63175
0.6307,0.3693
0.41996,0.58004
0.61853,0.38147
0.78967,0.21033
0.41634,0.58366
0.32754,0.67246
0.85683,0.14317
0.76761,0.23239
0.64569,0.35431
0.82627,0.17373
0.60027,0.39973
0.83936,0.16064
0.7102,0.2898
0.81969,0.18031
0.67308,0.32692
0.77314,0.22686
0.60778,0.39222
0.51586,0.48414
0.63779,0.36221
0.87777,0.12223
0.8802,0.1198
0.90378,0.09622
0.82738,0.17262
0.63257,0.36743
0.7324,0.2676
0.93498,0.065025
0.56827,0.43173
0.79547,0.20453
0.58088,0.41912
0.56913,0.43087
0.67419,0.32581
0.3674,0.6326
0.78471,0.21529
0.84466,0.15534
0.37387,0.62613
0.70105,0.29895
0.78552,0.21448
0.88167,0.11833
0.28647,0.71353
0.96872,0.031278
0.58166,0.41834
0.62685,0.37315
0.74489,0.25511
0.59694,0.40306
0.89948,0.10052
0.5516,0.4484
0.6574,0.3426
0.84525,0.15475
0.698,0.302
0.53557,0.46443
0.82854,0.17146
0.62538,0.37462
0.38356,0.61644
0.60173,0.39827
0.55115,0.44885
0.48295,0.51705
0.58344,0.41656
0.67641,0.32359
0.54702,0.45298
0.73006,0.26994
0.63558,0.36442
0.23925,0.76075
0.8637,0.1363
0.97929,0.020708
0.66495,0.33505
0.55594,0.44406
0.67251,0.32749
0.91903,0.080968
0.85923,0.14077
0.52627,0.47373
0.57776,0.42224
0.72536,0.27464
0.66938,0.33062
0.72058,0.27942
0.51248,0.48752
0.61397,0.38603
0.45611,0.54389
0.56003,0.43997
0.32027,0.67973
0.35324,0.64676
0.75387,0.24613
0.72556,0.27444
0.8089,0.1911
0.76263,0.23737
0.63208,0.36792
0.69308,0.30692
0.61108,0.38892
0.4524,0.5476
0.81332,0.18668
